List of perplexity values obtained in each round until convergence
1 469234.99998989614
2 298071.4461674274
3 255742.81474457175
4 234252.27215415568
5 225975.95589489117
6 221538.99975137674
7 219533.96458626713
8 218300.92251693844
9 217671.93902935853
10 217238.01461121714
11 216999.38361710685
12 216815.23326412847
13 216708.52968300297
14 216619.06775889933
15 216564.52195092704
16 216516.2282083275
17 216485.35133422326
18 216457.05757303504
19 216438.18995340008
20 216420.5966884234
21 216408.42576110066
22 216397.0053621738
23 216388.86196486265
24 216381.22007418037
25 216375.63729319596
26 216370.41474578241
27 216366.52564845438
28 216362.9034780226
29 216360.16531895837
30 216357.62693235782
31 216355.68531103255
32 216353.89328640536
33 216352.50981462168
34 216351.2379585794
35 216350.24884850485
36 216349.3426833117
37 216348.63383528608
38 216347.98637361772
39 216347.47749235766
40 216347.01388557526
41 216346.64811514175
42 216346.3156158767
43 216346.05245645434
44 216345.8136923706
45 216345.6242219705
46 216345.45259867358
